10.5
1.5
2.5
5.5
29.5
3
9
27.5
18.5
4.5
7
9.5
1
7
4.5
2.5
7.5
11.5
7.5
4
12
8
3
5.5
7.5
4.5
1.5
10.5
1
7
12
14.5
8
3.5
3.5
2
1
7.5
6
13
7.5
16.5
3
25.5
5.5
14
18
7
27.5
14
2
0.5
47
36.5
2.5
3.5
5.5
19
10.5
24.5
19
19
0.5
3
6.5
3
0.5
8
2.5
5
8
3
3
3
3
5.5
22
2.5
4.5
2
13.5
25
12.5
12.5
4
0.5
35
2
4
8
19
4
16
19.5
29
28
37
7.5
3.5
13
12.5
0.5
8.5
32
30.5
7.5
13
1.5
2.5
17
3.5
5
4.5
1
15
3.5
6
0.5
8
7
24.5
3.5
5.5
17.5
60.5
8.5
0.5
17.5
22.5
3.5
46.5
2
48
7
69
7.5
0.5
2.5
11.5
15.5
2.5
2.5
14.5
0.5
37
15
4.5
1
9.5
23.5
0.5
25.5
6
6
21.5
16
4.5
10
1.5
2.5
6.5
7.5
2.5
4
2
4.5
5
5
13
3.5
34
7.5
0.5
13.5
2.5
1.5
20
2
10.5
14.5
12
4
11.5
5
9.5
10
13
3
20
25.5
7.5
55
8
39
2
13.5
17.5
35.5
7.5
14.5
2
0.5
14
10.5
4.5
8.5
4.5
8.5
7.5
31
25
3.5
19.5
14
10
17
8
32.5
2
33.5
5
25.5
13
3.5
35.5
5.5
23.5
1
19
2
21.5
5.5
11.5
7
4
56
25
12.5
9
6
1
7.5
6
4
19
11
8
20
29
2.5
3.5
14
13.5
12
3.5
1
13.5
13.5
8
2.5
17
5
1
2
5
11
12
2
14
5
11.5
1.5
17
10.5
20.5
7.5
2.5
8.5
26.5
15
7.5
9.5
3.5
41.5
2
2
7
17
5
7.5
2.5
2
2.5
32.5
8
16
43.5
3.5
8.5
5
1.5
8.5
19
14
7
3.5
7
1.5
10.5
20
2
5.5
22
45
5
24.5
4.5
0.5
4
3
4
0.5
7.5
25
18
4
17
1
10.5
16
11
25.5
6
8
26
10.5
2.5
23
22
2
2.5
2
7
4
10.5
1
31.5
17.5
0.5
19
21.5
1.5
19.5
2
8.5
11.5
39
7
4
5.5
3.5
22.5
23
10
9.5
25
4.5
11
14.5
0.5
9.5
3
19.5
4
1.5
14
4.5
8.5
22.5
20
3.5
15
8
12
40.5
67.5
0.5
1
1.5
3
6
15.5
32
4
7.5
3
3
7.5
34
15
1
2
1
40.5
4.5
9.5
7
6
18
1
5.5
2
4
8.5
2
2.5
7
3.5
19.5
6.5
28
6
15.5
2.5
5
6.5
2.5
0.5
4.5
1.5
13.5
8.5
1.5
2.5
13
11.5
10
38
2.5
1
0.5
10
10.5
1
2
8
16
21.5
10
6.5
5
10
4
40.5
5.5
4.5
13
7.5
18
9
5
17
28
4.5
7.5
7
7.5
11
16.5
2
3.5
4.5
9
4
3.5
3.5
34
13.5
10.5
5.5
3.5
22
6.5
2
19.5
7
5
4
1
28.5
17.5
8.5
10.5
7
38.5
3
17
7.5
14.5
4
36
15.5
10
5
0.5
12
3.5
11
24.5
1.5
9
23.5
18.5
8.5
21
1
11
6
0.5
17
20.5
13.5
3.5
15
4.5
13.5
14
7.5
13
0.5
3
17.5
1.5
13
2.5
9
23
6
11.5
16
4
13
41
5
34.5
7.5
0.5
19.5
2
6.5
17
6.5
6.5
15
14.5
11.5
0.5
19
2
4
7.5
5
31
41.5
5.5
35.5
4
30.5
9
2.5
10
6
5
1.5
5.5
10
8
5
1.5
11.5
6
0.5
6
8.5
7
5
1
6.5
3
10.5
25
2
21
14.5
4
0.5
15
22.5
3
12.5
1
3
1
8.5
5
14
10.5
14
15
1
1
14
4.5
35.5
3
6
14.5
2.5
13.5
12.5
5
8
4
26
22
9.5
36
6
15
7
22.5
21
4.5
3.5
31
25.5
25
23.5
14
2
33
4
5.5
1.5
16
8
5.5
13
2.5
3.5
2
11
4
4
0.5
3
2.5
2.5
8
2.5
6.5
21
10.5
18
2.5
0.5
22
7
7
7
4
25.5
9
1
25.5
3
11
0.5
4.5
11
29.5
1.5
35.5
7
1
25.5
1.5
20.5
8.5
18.5
19.5
41
40.5
12
26
20
12
3
36.5
13.5
9
0.5
8.5
1
5.5
13
6.5
34
6.5
4
35.5
2
5.5
6.5
8.5
17
11.5
4
13
1.5
10.5
22.5
20
1.5
8
3
14.5
21.5
1.5
5
5
15.5
13.5
13.5
16.5
7
4.5
13.5
7
4.5
4
3
8
1
3.5
9.5
5.5
5
8.5
12
0.5
6.5
10.5
1.5
19.5
0.5
13.5
9.5
1
10.5
2
5
3
24
6
7.5
6
26
24
14.5
28.5
11
0.5
22
2.5
24.5
5
9.5
22
1
36
4.5
2
1
1
3
11
26.5
9
5
5
1.5
4
7.5
2.5
6.5
1
5
25.5
